0 0 -0.000440152
0 0 0.000129004
0 0 0.000200557
0 0 0.00020099
0 0 0.000138524
0 0 1.82838e-05
0 0 -6.20893e-05
0 0 -0.000150836
0 0 -0.00017349
0 0 -0.000179987
0 0 -0.000151299
0 0 -0.000102619
0 0 -4.95046e-05
0 0 -3.20662e-05
0 0 -3.38218e-05
0 0 -9.95833e-05
0 0 -0.00013899
0 0 -0.00015075
0 0 -0.000123736
0 0 -9.75983e-05
0 0 -4.69537e-05
0 0 -4.72492e-05
0 0 -4.27562e-05
0 0 1.34685e-05
0 0 2.04944e-05
0 0 1.97107e-05
0 0 1.06787e-05
0 0 4.09538e-05
0 0 0.000117098
0 0 0.00015223
0 0 0.000125851
0 0 4.79421e-05
0 0 -5.29822e-05
0 0 -0.000135611
0 0 -0.000172287
0 0 -0.000174442
0 0 -0.000164234
0 0 -0.000117291
0 0 -8.9547e-05
0 0 -6.45112e-05
0 0 -5.7524e-05
0 0 -1.88542e-05
0 0 -1.8962e-05
0 0 -8.43198e-05
0 0 -0.00010648
0 0 -0.000150121
0 0 -8.95711e-05
-0.00136136 0 -7.88214e-05
0 0 -2.94857e-05
0 0 6.23752e-05
0 0 8.06777e-05
0 0 9.82383e-05
0 0 8.66302e-05
0 0 5.78043e-05
0 0 -5.56242e-05
0 0 -2.90517e-05
0 0 8.24747e-06
0 0 2.03911e-05
0 0 -4.05718e-05
0 0 -2.61914e-05
0 0 -1.14627e-05
0 0 -0.000125998
0 0 -0.000170264
0 0 -0.000219792
0 0 -0.0001433
0.00136136 0 -0.000171483
0 0 -0.000213346
0 0 -0.000194472
0 0 -0.000174454
0 0 -0.000241765
0 0 -0.000218461
0 0 -0.000206652
0.00306305 0 -0.000204475
0 0 -0.000220071
0 0 -0.000267939
0 0 -0.000326295
0 0 -0.000390014
0.0149749 0 -0.000458563
0.0209309 0 -0.000556989
0.0238237 0 -0.000683325
0.0299498 0 -0.000794266
0.0418617 0 -0.000872523
0.0493492 0 -0.000894537
0.0554753 0 -0.00085397
0.0627926 0 -0.000769128
0.0731729 0 -0.00055484
0.0823621 0 5.92503e-06
0.07028 0 0.000532262
0.0896794 0 0.000495658
0.0823621 0 -0.000465318
0.076236 0.00289288 -0.0010085
0.112142 0 -0.000813101
0.112142 0 -0.000475413
0.0958055 0 -0.000545855
0.13001 0 -0.000851485
0.137667 0 -0.00100867
0.131541 0 -0.000865922
0.149579 0 -0.000868965
0.187016 0 -0.00116505
0.158598 0 -0.00139836
0.186846 0 -0.00164475
0.188548 0 -0.00206056
0.186846 0 -0.00214242
0.20046 0 -0.00248024
0.213903 0 -0.00273462
0.221391 0 -0.00288674
0.260189 0 -0.00317552
0.252702 0 -0.00331678
0.24079 0 -0.00333555
0.27074 0 -0.0032294
0.257296 0 -0.003403
0.278227 0 -0.00364327
0.306475 0 -0.00370875
0.315665 0 -0.00368591
0.314133 0 -0.00381318
0.318557 0 -0.00394285
0.332001 0 -0.00372418
0.326045 0 -0.00353897
0.357356 0 -0.00373874
0.327576 0 -0.00403682
0.394964 0 -0.00392256
0.38135 0 -0.00354908
0.369438 0 -0.00381152
0.342381 0 -0.00412546
0.365014 0 -0.00414776
0.391901 0 -0.00431189
0.361951 0 -0.0044793
0.384243 0 -0.004216
0.361951 0 -0.00443468
0.361951 0 -0.00454661
0.397857 0 -0.00454017
0.336595 0 -0.00433374
0.427636 0 -0.00430461
0.385945 0 -0.0045789
0.330469 0 -0.00428456
0.426275 0 -0.00447364
0.355995 0 -0.00488416
0.350039 0 -0.00515632
0.409768 0 -0.0053311
0.37097 0 -0.00530264
0.373863 0 -0.00545379
0.34102 0 -0.00543431
0.366375 0 -0.00547996
0.306646 0 -0.00559449
0.384413 0 -0.00570972
0.348337 0 -0.00591549
0.37097 0 -0.005771
0.329108 0 -0.0057543
0.379819 -0.00289288 -0.00572747
0.34102 -0.00306305 -0.00599387
0.332001 0 -0.00596464
0.350039 0 -0.00585212
0.366375 0 -0.00576703
0.321621 0 -0.00569433
0.339488 0 -0.00576087
0.3514 0 -0.0060638
0.326045 0 -0.00614361
0.361951 0 -0.00566466
0.335064 0 -0.00604798
0.30069 -0.00289288 -0.00649113
0.364844 -0.00901899 -0.00623706
0.359058 -0.00306305 -0.00616436
0.284013 -0.0119119 -0.00623114
0.478687 -0.00595594 -0.00622823
0.219859 -0.00901899 -0.00634761
0.317026 -0.0134434 -0.00640123
0.367907 -0.00901899 -0.00669658
0.333532 -0.00289288 -0.00679329
0.327576 -0.00612611 -0.00702401
0.345444 0 -0.00748757
0.326045 -0.00289288 -0.00751822
0.35157 -0.00306305 -0.00767301
0.297627 0 -0.007556
0.333532 0 -0.0069346
0.330469 0 -0.00656798
0.333532 0 -0.00619072
0.278227 0 -0.00582028
0.30069 0 -0.00514251
0.312431 0 -0.00443532
0.251341 0 -0.0037882
0.330469 0 -0.00306763
0.252872 0 -0.00285978
0.379819 -0.00289288 -0.00280599
0.264784 0 -0.00247208
0.243683 0 -0.00197199
0.246916 0 -0.00148568
0.203353 0 -0.0011042
0.183953 0 -0.000807873
0.189909 0 -0.000601718
0.176466 0 -0.000625893
0.18106 0 -0.000391245
0.133073 0 -0.0003563
0.122692 0 -5.07239e-05
0.122522 0.00153153 0.000160245
0.094274 0 -0.000125248
0.0986984 0 -0.000229951
0.0658556 0 -3.2536e-05
0.0359058 0 0.000166344
0.0299498 0 0.000313161
0.0224624 0.00289288 0.000342361
0.00884882 0.00306305 2.51809e-05
0 0.00289288 -0.000191985
-0.0209309 0 -0.000344779
-0.0313112 0.00306305 -0.000584599
-0.0345444 0.00595594 -0.000736511
-0.0372671 0 -0.000663636
-0.0568366 0 -0.000401615
-0.079299 0 -9.27913e-05
-0.0777675 0 0.000206766
-0.0896794 0 0.000495172
-0.0986984 0 0.000717845
-0.0913811 0.00306305 0.00100675
-0.106186 0 0.00135745
-0.125585 0 0.00149157
-0.125585 0 0.00161532
-0.152642 0.00595594 0.00193105
-0.161491 0.00289288 0.0022912
-0.148048 0.00306305 0.00260967
-0.158598 0.00595594 0.00290351
-0.128648 0.00901899 0.00322537
-0.218328 0.0103803 0.0033359
-0.222752 0.00901899 0.00373484
-0.21101 0.00306305 0.00417381
-0.207777 0.00884882 0.00450657
-0.234834 0.0149749 0.00473829
-0.224284 0.00595594 0.00512547
-0.188548 0.00901899 0.00566118
-0.267677 0.00595594 0.00588186
-0.251341 0.00595594 0.00607086
-0.312602 0.00306305 0.00643534
-0.290139 0 0.00696499
-0.297627 0.00748746 0.00729431
-0.272101 0.00748746 0.00788665
-0.332171 0.00289288 0.00834921
-0.345444 0.00306305 0.00840798
-0.31107 0.00595594 0.00845802
-0.330469 0.00901899 0.00871481
-0.335064 0.00901899 0.0090783
-0.346976 0.00595594 0.00947594
-0.375394 0.0103803 0.00964308
-0.367907 0.00748746 0.0097574
-0.324513 0 0.010066
-0.415895 0.012082 0.0101429
-0.405344 0.00289288 0.0101995
-0.337957 0.0105505 0.0101063
-0.329108 0.0134434 0.00990207
-0.326045 0.00595594 0.0100396
-0.46201 0 0.0102994
-0.418787 0 0.0105824
-0.375394 0 0.0110062
-0.38152 0 0.0110698
-0.429168 0 0.0108511
-0.423212 0 0.0108739
-0.37097 0 0.011092
-0.382882 -0.00306305 0.0112154
-0.480048 0.0105505 0.0110756
-0.423382 0.00306305 0.0107892
-0.397857 0.0119119 0.0105441
-0.408237 0.0165065 0.0103413
-0.468137 0.0253553 0.0102159
-0.358888 0.0119119 0.00998353
-0.436825 0 0.00979909
-0.456055 0.0268868 0.00973961
-0.393432 0.018038 0.00963705
-0.409768 0.0134434 0.00978445
-0.357526 0.0209309 0.00974521
-0.475624 0.018038 0.00970557
-0.412661 0.0268868 0.00968312
-0.345614 0.0209309 0.00977866
-0.44108 0.0134434 0.00982463
-0.438357 0.0209309 0.00962092
-0.408237 0.0418617 0.00943164
-0.382882 0.0389688 0.00945381
-0.412831 0.0432231 0.00928951
-0.415724 0.0508807 0.00897463
-0.34102 0.0658556 0.00896714
-0.406876 0.0583682 0.00888244
-0.4113 0.0447546 0.00891233
-0.369438 0.0568366 0.00865878
-0.364844 0.085255 0.00840108
-0.390369 0.0673872 0.00821753
-0.34102 0.0747045 0.00805339
-0.379819 0.0958055 0.00751366
-0.354463 0.113673 0.00722666
-0.290309 0.121161 0.0068539
-0.358888 0.112142 0.00665637
-0.352932 0.0927424 0.00632997
-0.290139 0.104654 0.00586999
-0.297627 0.118098 0.00549399
-0.288778 0.116736 0.00509991
-0.266145 0.116566 0.00456059
-0.294564 0.125755 0.00437166
-0.221391 0.144985 0.00426552
-0.257296 0.143623 0.00393157
-0.227347 0.145155 0.00376639
-0.20046 0.156896 0.00362861
-0.182422 0.16013 0.00324986
-0.176466 0.212372 0.00284315
-0.145155 0.157067 0.00278222
-0.116566 0.172041 0.00304451
-0.10023 0.188378 0.00357143
-0.0733431 0.219859 0.00388418
-0.0478177 0.172041 0.0039575
-0.0508807 0.191441 0.00351003
-0.0253553 0.231771 0.00296242
-0.00306305 0.216796 0.00304124
0 0.177997 0.00331141
0.0149749 0.175105 0.00317083
0.0433932 0.249639 0.00248724
0.0583682 0.164554 0.00178852
0.0508807 0.177997 0.00168681
0.0597295 0.194504 0.00201907
0.0689187 0.185315 0.00212523
0.104654 0.176636 0.00209541
0.10023 0.163022 0.00216584
0.118098 0.14056 0.00199046
0.116736 0.146516 0.00149858
0.116566 0.149579 0.00120947
0.145155 0.151111 0.000928026
0.15094 0.131541 0.000529486
0.167617 0.133073 0.000316124
0.155535 0.143623 0.000287688
0.177997 0.134604 0.000267435
0.198928 0.128648 -8.73861e-05
0.191441 0.103123 -0.000166077
0.218328 0.097337 -0.000289271
0.221391 0.07028 -0.000366819
0.198928 0.07028 -0.000351838
0.273633 0.0568366 -0.000172424
0.243853 0.0493492 0.00030885
0.239258 0.0449248 0.000511322
0.282652 0.0387987 0.00035868
0.288608 0.0284183 0.000229997
0.264784 0.0403302 0.00041735
0.275164 0.0330129 0.000633476
0.294734 0.0313112 0.000552589
0.278057 0.0239939 0.000907784
0.326045 0.00595594 0.00109063
0.315665 0.00306305 0.00105745
0.299158 0.00595594 0.00130983
0.312602 0.00595594 0.00127307
0.322982 0 0.00105295
0.315494 0 0.0011171
0.336595 0 0.00133069
0.355995 0 0.00118192
0.303583 0 0.000938427
0.342551 0 0.000891615
0.387306 -0.00153153 0.000674306
0.345444 0 0.00071671
0.372501 0 0.000758551
0.358888 0 0.00043117
0.352932 0 0.000268082
0.382882 -0.00289288 -0.000181099
0.389008 -0.00612611 -0.000670895
0.349869 -0.00289288 -0.00115231
0.352932 0 -0.0016729
0.406876 -0.00306305 -0.00196123
0.358888 -0.00595594 -0.00208702
0.37097 -0.00289288 -0.00190696
0.385945 -0.00901899 -0.00244363
0.348507 -0.00595594 -0.00329523
0.379819 -0.00595594 -0.00372613
0.367907 -0.0149749 -0.00389311
0.358888 -0.0195695 -0.00439335
0.390369 -0.0238237 -0.00475543
0.406876 -0.0255254 -0.00492106
0.330469 -0.0447546 -0.00560663
0.376926 -0.0374373 -0.00640589
0.373863 -0.0359058 -0.00699736
0.374033 -0.0508807 -0.00800863
0.378287 -0.0537736 -0.00849711
0.376926 -0.0583682 -0.00879713
0.344083 -0.0387987 -0.00944566
0.379819 -0.0314814 -0.0094489
0.376926 -0.0464563 -0.00977
0.345444 -0.0313112 -0.0100754
0.366545 -0.0209309 -0.0101429
0.385774 -0.0165065 -0.0101647
0.335064 -0.0299498 -0.0104644
0.369438 -0.0209309 -0.0105241
0.3708 -0.0222922 -0.0103002
0.350039 -0.021101 -0.0104234
0.35157 -0.0193993 -0.0102661
0.364844 -0.0209309 -0.0100676
0.345444 -0.0119119 -0.0102049
0.379989 -0.018038 -0.00991897
0.399218 -0.0149749 -0.00981195
0.339659 -0.0148048 -0.00992722
0.3708 -0.0224624 -0.00998082
0.355995 -0.0193993 -0.00972026
0.336595 -0.0195695 -0.00959988
0.339488 -0.0328427 -0.00942717
0.337957 -0.0299498 -0.00921989
0.321621 -0.0284183 -0.00908787
0.342381 -0.0343743 -0.00886371
0.338127 -0.0418617 -0.00881159
0.306475 -0.0374373 -0.00907275
0.34102 -0.0418617 -0.00940378
0.33064 -0.0374373 -0.00935738
0.285545 -0.0522421 -0.00944051
0.360589 -0.0614312 -0.00963958
0.31107 -0.0568366 -0.00941025
0.293032 -0.0747045 -0.00908069
0.308177 -0.115205 -0.0089281
0.322982 -0.139029 -0.00884227
0.279759 -0.152642 -0.00883999
0.299158 -0.15094 -0.00887287
0.297627 -0.142092 -0.00901753
0.272101 -0.107717 -0.00923785
0.297627 -0.125585 -0.00929771
0.291671 -0.0958055 -0.00946829
0.248277 -0.0986984 -0.00964577
0.290139 -0.0896794 -0.00970664
0.282652 -0.0867865 -0.00935533
0.255765 -0.085255 -0.00875617
0.279759 -0.103293 -0.00847869
0.275164 -0.113673 -0.00823722
0.27074 -0.131541 -0.00810325
0.276696 -0.133073 -0.00786947
0.305114 -0.13018 -0.00711455
0.257296 -0.118098 -0.00653128
0.27057 -0.128648 -0
0.302221 -0.107717 -0.00610635
0.272101 -0.0912109 -0.00557007
0.287246 -0.0808306 -0.00484784
0.245214 -0.0687485 -0.00402293
0.321621 -0.0643241 -0.00348404
0.282652 -0.0537736 -0.00300432
0.297627 -0.0493492 -0.0027051
0.267677 -0.0568366 -0.00201534
0.28129 -0.0479878 -0.00149129
0.272101 -0.0418617 -0.000949655
0.260359 -0.0537736 6.97676e-05
0.264614 -0.0687485 0.000567418
0.276696 -0.101761 0.000941174
0.245385 -0.134604 0.00149789
0.260189 -0.113673 0.00196116
0.260189 -0.103123 0.00246046
0.24079 -0.0913811 0.00297047
0.249809 -0.0896794 0.00338463
0.30069 -0.11061 0.0040865
0.245214 -0.101761 0.00424443
0.231771 -0.085255 0.00425485
0.284183 -0.0627926 0.00480963
0.242322 -0.0777675 0.00509739
0.261721 -0.0733431 0.00495466
0.213903 -0.0493492 0.00482816
0.260189 -0.0568366 0.00477524
0.257296 -0.0537736 0.00463866
0.27074 -0.0508807 0.0044629
0.216796 -0.07028 0.00435119
0.287246 -0.0643241 0.00421113
0.276696 -0.0673872 0.00394267
0.231771 -0.0791289 0.0036519
0.285715 -0.0718116 0.00333033
0.261721 -0.0687485 0.00321097
0.242322 -0.085255 0.00304434
0.266145 -0.0958055 0.0028552
0.272271 -0.109249 0.00286113
0.245214 -0.0912109 0.00302474
0.258828 -0.0896794 0.00266092
0.230239 -0.0748746 0.00214918
0.284183 -0.0716414 0.00196236
0.275164 -0.0583682 0.00225138
0.279759 -0.0568366 0.00249685
0.245214 -0.0464563 0.00255875
0.242322 -0.058198 0.00273956
0.309539 -0.0479878 0.00276742
0.255765 -0.0387987 0.00270718
0.278227 -0.0403302 0.00290425
0.243853 -0.0389688 0.00341475
0.302051 -0.0449248 0.00353619
0.288608 -0.0462861 0.00356359
0.308177 -0.0449248 0.00403481
0.254233 -0.0462861 0.00425337
0.260189 -0.0689187 0.00423905
0.291671 -0.0912109 0.00457944
0.243853 -0.0971668 0.00477557
0.266145 -0.125585 0.00453453
0.236366 -0.124224 0.00405593
0.297627 -0.112142 0.00401265
0.282652 -0.0986984 0.00418832
0.276696 -0.0777675 0.00408774
0.251341 -0.094274 0.00360395
0.279589 -0.0643241 0.00308421
0.27074 -0.0553051 0.00246094
0.246746 -0.0449248 0.00182801
0.312602 -0.0372671 0.0013729
0.284183 -0.0299498 0.000877086
0.267677 -0.0239939 0.00029711
0.288778 -0.0163363 -0.000307124
0.272101 -0.012082 -0.000634514
0.263252 -0.00884882 -0.000832717
0.282652 -0.00306305 -0.000992436
0.291671 0 -0.00109207
0.249809 -0.00153153 -0.00138185
0.282652 0 -0.00183026
0.282652 0 -0.00220619
0.261721 0 -0.00241054
0.272271 0 -0.00258252
0.273633 0.00306305 -0.00271814
0.224454 0.00595594 -0.00306491
0.267677 0.0105505 -0.003439
0.25117 0.0148048 -0.00363077
0.266315 0.018038 -0.00368089
0.243853 0.0239939 -0.003771
0.257126 0.0222922 -0.00392696
0.218328 0.018038 -0.00377433
0.219859 0.0119119 -0.00354345
0.222922 0.0105505 -0.00324508
0.198928 0.0103803 -0.00309711
0.167447 0.00595594 -0.00269411
0.173573 0.00306305 -0.00214051
0.14056 0.00595594 -0.00183244
0.137667 0 -0.00153412
0.116566 0 -0.00126335
0.0643241 0 -0.00112703
0.0524122 0.00306305 -0.00096778
0.0372671 0 -0.000984462
0.0105505 0 -0.00109971
0.00306305 0 -0.000907885
0 0 -0.000330038
0 -0.00612611 0.000316868
-0.00306305 -0.00595594 0.000647351
-0.0433932 -0.00595594 0.000237319
-0.0658556 -0.00595594 -0.000197218
-0.0656855 0 -0.000183958
-0.0912109 0 -0.00011255
-0.124224 0 -0.000201778
-0.128648 0 -0.000301538
-0.146516 0.00153153 -0.000343189
-0.157067 0.00289288 -0.000555464
-0.151111 0 -0.000732318
-0.182422 0.00306305 -0.000794842
-0.198928 0.00595594 -0.00105459
-0.182422 0.00306305 -0.00116031
-0.191441 0.00289288 -0.000899666
-0.187016 0.00595594 -0.000900144
-0.228878 0.00306305 -0.00092648
-0.24079 0 -0.00096628
-0.273633 0 -0.000813769
-0.243853 0.00306305 -0.000560368
-0.25117 0.00289288 -0.000536433
-0.23041 0 -0.000592164
-0.308007 0 -0.000426316
-0.312602 0.00306305 -0.000413578
-0.309539 0.00289288 -0.000432856
-0.284183 0 -0.000481193
-0.273803 0.00901899 -0.000549989
-0.322982 0.00595594 -0.000662796
-0.306646 0.00306305 -0.000652337
-0.332001 0.00289288 -0.000487438
-0.279759 0 -0.000606507
-0.34102 0 -0.000536792
-0.34085 0 -0.000401468
-0.363482 0 -0.000288127
-0.33064 0 -0.000143
-0.34102 0 4.02753e-05
-0.324513 0 0.00014172
-0.337957 0 0.000459264
-0.378457 0 0.000641699
-0.357356 0 0.000537815
-0.306646 0 0.000841895
-0.34102 0 0.000642185
-0.423212 0 0.000891889
-0.359058 0 0.00100943
-0.354463 0 0.00106256
-0.352932 0 0.00145769
-0.390369 0 0.00151923
-0.405344 0 0.00165981
-0.394793 0 0.00182449
-0.382882 0 0.00182308
-0.363482 0 0.00203531
-0.409768 0 0.0019506
-0.364844 0 0.00211402
-0.345614 0 0.00238252
-0.420149 0 0.00230566
-0.402451 0 0.0022802
-0.336425 0.018038 0.00211264
-0.388838 -0.00748746 0.00202153
-0.339659 0 0.00205803
-0.465074 -0.00306305 0.00248416
-0.399388 0 0.00231449
-0.402281 0.00306305 0.00233786
-0.357356 0.00289288 0.00257079
-0.462181 0 0.00282483
-0.396325 0 0.00301609
-0.350039 0.00612611 0.00314746
-0.459118 0.00595594 0.00328809
-0.42185 0.00289288 0.00347153
-0.360419 0 0.00342738
-0.445674 0 0.00360026
-0.465074 0 0.00400898
-0.390369 0 0.00407268
-0.42185 0 0.00435222
-0.426275 0.00306305 0.00444907
-0.418787 0.00306305 0.00445638
-0.432231 0.00595594 0.00430505
-0.442611 0.00595594 0.0044638
-0.420319 0.00289288 0.00466905
-0.450269 0.00306305 0.00485458
-0.426105 0.00901899 0.00467371
-0.423382 0.00595594 0.00422331
-0.472561 0.00595594 0.00423348
-0.414363 0.00901899 0.00413547
-0.414193 0.00289288 0.00405862
-0.472731 0 0.00399607
-0.45163 0 0.00407782
-0.444143 0.00595594 0.00424346
-0.409768 0.00612611 0.00430574
-0.469668 0 0.00456081
-0.459118 0.00289288 0.00444898
-0.42185 0.00595594 0.00431563
-0.466605 0 0.00427968
-0.450269 0.00306305 0.00405372
-0.394793 0.0119119 0.00409352
-0.448737 0.0165065 0.00407031
-0.456055 0.00595594 0.00391405
-0.374033 0.00306305 0.00385348
-0.432231 0.0103803 0.0037465
-0.447206 0.00901899 0.00370676
-0.414193 0.00306305 0.00363623
-0.429338 0 0.00342063
-0.427636 0 0.00354448
-0.4113 0 0.00396559
-0.423382 0 0.00401938
-0.418787 0.00289288 0.00388403
-0.372331 0 0.00396346
-0.409768 0.00306305 0.00418474
-0.394964 0.00289288 0.00415186
-0.382882 0 0.0042617
-0.423212 0.00153153 0.00407708
-0.424743 -0.00306305 0.00398756
-0.346976 0.00612611 0.00397545
-0.403812 0.00289288 0.00367905
-0.405344 0.0209309 0.0034936
-0.373863 0.00901899 0.00304407
-0.376926 0.0119119 0.00283885
-0.390369 0.0134434 0.0026931
-0.366375 0.00748746 0.00289406
-0.405344 0.00612611 0.00285563
-0.393432 0 0.00293408
-0.354463 0.00884882 0.00308345
-0.388838 0.00595594 0.00325568
-0.388838 0 0.0032635
-0.361951 0 0.00343434
-0.354463 0 0.00319091
-0.391901 0 0.00309214
-0.385774 0 0.00310007
-0.320089 0 0.00293403
-0.385945 0 0.00252156
-0.402281 0 0.00265092
-0.364844 0 0.0027126
-0.363482 0 0.00279553
-0.391901 0 0.00241634
-0.342551 0 0.00253218
-0.396325 0 0.00285488
-0.382882 0 0.00311175
-0.357356 0 0.00318933
-0.396325 0 0.00319725
-0.399388 0 0.00354498
-0.344083 -0.00595594 0.00418232
-0.382882 0 0.00420911
-0.414193 -0.00595594 0.00402951
-0.38135 -0.00595594 0.0041315
-0.366545 0 0.00441283
-0.384243 -0.00153153 0.00431915
-0.384413 -0.00289288 0.00416777
-0.417256 -0.00306305 0.00419093
-0.384413 -0.00306305 0.00440223
-0.384413 0 0.00428914
-0.399388 0 0.00380347
-0.406705 0 0.0035127
-0.361951 0 0.00356759
-0.363482 0 0.00339227
-0.442781 0 0.00354918
-0.375394 0 0.00340905
-0.366375 0 0.00354715
-0.409768 0 0.00374094
-0.388838 0 0.00402236
-0.374033 0 0.00381189
-0.376755 0 0.00366928
-0.389008 0 0.00378892
-0.3708 0 0.00430139
-0.387476 0 0.00418418
-0.3708 -0.00289288 0.00410074
-0.385945 -0.00306305 0.00423076
-0.415724 0 0.00453455
-0.339488 0 0.00465226
-0.405344 0 0.00502919
-0.391901 -0.00595594 0.00480433
-0.397857 -0.00289288 0.00474519
-0.352932 0 0.00496732
-0.34102 0 0.00533503
-0.38135 0 0.00532372
-0.365014 0 0.00534047
-0.376755 -0.00306305 0.00513915
-0.312602 0.00306305 0.00500769
-0.245385 0.00442441 0.00493385
-0.303583 0.0134434 0.00475554
-0.27074 0.0253553 0.0047464
-0.218328 0.0165065 0.00504855
-0.194504 0.0149749 0.0053908
-0.146516 0.0328427 0.0055447
-0.0971668 0.0299498 0.00558272
-0.101761 0.0314814 0.00459324
-0.0867865 0.0447546 0.00416855
-0.0432231 0.0389688 0.00485362
-0.00459458 0.0343743 0.00534392
0.0418617 0.0462861 0.00494384
0.0777675 0.0345444 0.00378574
0.10023 0.0209309 0.00332624
0.115205 0.0119119 0.0037975
0.127117 0.0119119 0.00394505
0.167447 0.012082 0.00369169
0.163022 0.0103803 0.00344776
0.190079 0.0149749 0.00340717
0.224284 0.0119119 0.00333782
0.197397 0.0134434 0.0033205
0.272271 0.012082 0.00311606
0.252702 0.00289288 0.00292325
0.249809 0.00595594 0.00255515
0.24079 0 0.00184569
0.320089 0 0.00102834
0.278057 0 0.000210679
0.273803 0 -0.000322469
0.284183 0 -3.4625e-05
0.279589 0 0.000366661
0.285715 -0.00289288 0.000195795
0.317026 0 -0.000424341
0.320089 0 -0.000978364
0.315665 0 -0.00125324
0.298988 0 -0.00106025
0.321621 0 -0.0012209
0.287246 0 -0.00179848
0.308007 0 -0.00241792
0.318557 0 -0.00299785
0.272271 0 -0.00277972
0.337957 0 -0.00266701
0.296095 0 -0.00357267
0.329108 0.00289288 -0.00418713
0.284183 -0.00289288 -0.00490886
0.296095 0 -0.00583349
0.339488 0 -0.0059275
0.28129 0 -0.00618101
0.318557 0 -0.00658848
0.317026 0 -0.00706646
0.260189 0 -0.00718412
0.285715 0 -0.00749498
0.346976 0 -0.00793746
0.294734 0 -0.00849702
0.34085 0 -0.00886773
0.251341 0 -0.00871486
0.348507 0 -0.00904474
0.299158 0 -0.00942167
0.315494 0 -0.00963107
0.285715 0 -0.00989782
0.285715 0.00153153 -0.00983723
0.318557 0 -0.00984236
0.290139 0 -0.0102448
0.297627 0 -0.0103397
0.305114 0 -0.0104314
0.257126 0 -0.0101353
0.302221 0 -0.0099431
0.318557 0 -0.00995404
0.254233 0 -0.00990547
0.336595 0 -0.00970345
0.291501 0 -0.00951428
0.28129 0.00136136 -0.00933421
0.324513 0 -0.00923231
0.30069 0 -0.00895426
0.291501 0 -0.00853331
0.282822 0 -0.00804115
0.296095 0 -0.00750846
0.293032 0 -0.00728874
0.309709 0 -0.0070457
0.317026 0 -0.00684422
0.282652 0.0149749 -0.00646734
0.309709 0.0314814 -0.00593612
0.302051 0.0103803 -0.00629686
0.263252 0 -0.00613502
0.315494 0.00306305 -0.00586002
0.246916 0 -0.00554472
0.296095 -0.00306305 -0.00498395
0.290139 0.00306305 -0.00467598
0.260189 0.0134434 -0.00462303
0.257296 0.0268868 -0.00423214
0.28112 0.0224624 -0.00355414
0.201991 0.0149749 -0.00334047
0.272101 0.0149749 -0.00357169
0.263252 0.00901899 -0.00372762
0.213903 0.00884882 -0.00350675
0.272271 0.012082 -0.00312003
0.252702 0.0178678 -0.00283126
0.218328 0.0149749 -0.00257752
0.21084 0.0299498 -0.00230432
0.227347 0.0119119 -0.00202117
0.222922 0.0224624 -0.00209654
0.189909 0.0299498 -0.00198955
0.201991 0.0403302 -0.00189237
0.197397 0.0255254 -0.00166093
0.177997 0.0209309 -0.00147438
0.183953 0.0253553 -0.00120199
0.179529 0.0209309 -0.000974142
0.168978 0.0253553 -0.000961019
0.176466 0.0195695 -0.000748312
0.152472 0.0193993 -0.000584764
0.152642 0.0149749 -0.000481851
0.161491 0.0165065 -0.000438544
0.136136 0.0134434 -0.000553752
0.148048 0.0163363 -0.000432132
0.131541 0.0105505 -0.000135984
0.115205 0.00901899 -1.91168e-05
0.142092 0.00595594 1.48425e-05
0.131541 0.00595594 -1.44463e-05
0.13018 0.00901899 -0.000181519
0.107717 0.0119119 -0.000210981
0.112142 0.0134434 1.28663e-05
0.10023 0.0134434 0.000184417
0.106186 0.00306305 0.000235779
0.103123 0 0.000297103
0.104824 0.0119119 0.000372056
0.10023 0.00901899 0.000333598
0.0747045 0.00595594 0.000247631
0.0747045 0.00901899 0.000296208
0.0658556 0.00884882 0.000394541
0.0777675 0.00901899 0.000479668
0.0673872 0 0.000637943
0.0627926 0.00306305 0.000654837
0.0583682 0 0.000575247
0.0553051 0.00289288 0.000493385
0.0462861 0 0.000367464
0.0405004 0 0.000211029
0.0418617 0 0.000114367
0.0433932 0.00306305 0.000114021
0.0284183 0.00289288 0.000158446
0.0297797 0.00306305 0.000211395
0.0195695 0.00306305 0.000215874
0.0209309 0 0.00015686
0.0178678 0.00289288 8.98776e-05
0.00748746 0 3.14765e-05
0.00306305 0.00306305 0.000160166
0.00289288 0 0.000354562
0 0 0.000275226
0 0 0.000149242
-0.00289288 0 3.44327e-05
-0.00306305 0 -7.9488e-05
0 0 -0.000198305
-0.00595594 0 -0.00029068
-0.00595594 0 -0.00036207
-0.00595594 0 -0.000404897
-0.00612611 0 -0.000433472
-0.00289288 0 -0.000422767
-0.00306305 0 -0.000396191
-0.00289288 0 -0.000348211
0 0 -0.000292246
0 0 -0.000236508
0 0 -0.000172781
0 0 -0.000114377
0 0 -2.13993e-05
0 0 3.1727e-05
0 0 6.45559e-05
0 0 5.64658e-05
0 0 3.6734e-05
0 0 -8.3486e-06
0 0 -7.9496e-05
0 0 -0.000129081
0 0 -0.000185781
0 0 -0.000209377
0 0 -0.000209357
0 0 -0.000192668
0 0 -0.000160724
0 0 -0.000107403
0 0 -0.000107027
0 0 -0.000106587
0 0 -0.000106076
0 0 -0.000106659
0 0 -9.96001e-05
0 0 -9.58315e-05
0 0 -4.38968e-05
0 0 -4.75441e-05
0 0 1.08009e-06
0 0 -8.42596e-05
0 0 -8.96086e-05
0 0 -8.50578e-05
0 0 -8.07862e-06
0 0 0.000103232
0 0 4.59567e-05
0 0 7.10623e-05
0 0 5.27147e-05
0 0 -3.10763e-05
0 0 -2.36072e-05
0 0 -2.47247e-07
0 0 -5.4247e-05
0 0 -2.62542e-05
0 0 -3.40088e-05
0 0 6.56133e-06
0 0 2.34888e-05