0 0 -2.20483e-05 16.5354 16.6929 20.4724
0 0 -9.97849e-06 16.5354 16.6929 20.4724
0 0 -1.17937e-05 16.5354 16.6929 20.4724
0 0 -1.37504e-05 16.5354 16.6929 20.4724
0 0 -1.5648e-05 16.5354 16.6929 20.4724
0 0 -1.74257e-05 16.5354 16.6929 20.4724
0 0 -1.91149e-05 16.5354 16.6929 20.4724
0 0 -2.0866e-05 16.5354 16.6929 20.4724
0 0 -2.28594e-05 16.5354 16.6929 20.4724
0 0 -2.45651e-05 16.5354 16.6929 20.4724
0 0 -2.61894e-05 16.5354 16.6929 20.4724
0 0 -2.86014e-05 16.5354 16.6929 20.4724
0 0 -3.00762e-05 16.5354 16.6929 20.4724
0 0 2.05803e-05 16.5354 16.6929 20.4724
0 0 -8.32207e-06 16.5354 16.6929 20.4724
0 0 -3.64736e-05 16.5354 16.6929 20.4724
0 0 -3.79301e-05 16.5354 16.6929 20.4724
0 0 -3.82328e-05 16.5354 16.6929 20.4724
0 0 -3.96608e-05 16.4961 16.6929 20.4724
0 0 -4.18417e-05 16.4961 16.6929 20.4724
0 0 -4.50641e-05 16.4961 16.6929 20.4724
0 0 -4.833e-05 16.4961 16.6929 20.4724
0 0 -4.91934e-05 16.4961 16.6929 20.4724
0 0 -5.02862e-05 16.4961 16.6929 20.4724
0 0 -5.14401e-05 16.4961 16.6929 20.4724
0 0 -5.36146e-05 16.4961 16.6929 20.4724
0 0 -5.63172e-05 16.4961 16.6929 20.4724
0 0 -5.84683e-05 16.4961 16.6929 20.4724
0 0 -5.78388e-05 16.4961 16.6929 20.4724
0 0 -5.94167e-05 16.4961 16.6929 20.4724
0 0 -6.26132e-05 16.4961 16.6929 20.4724
0 0 -6.8432e-05 16.4961 16.6929 20.4724
0 0 -6.98702e-05 16.4961 16.6929 20.4724
0 0 -6.86375e-05 16.5354 16.6929 20.4724
0 0 -6.18314e-05 16.5354 16.6929 20.4724
0 0 -6.36052e-05 16.5354 16.6929 20.4724
0 0 -7.31547e-05 16.5354 16.6929 20.4724
0 0 -8.36405e-05 16.5354 16.6929 20.4724
0 0 -8.23319e-05 16.5354 16.6929 20.4724
0 0 -8.2836e-05 16.5354 16.6929 20.4724
0 0 -7.97201e-05 16.5354 16.6929 20.4724
0 0 -8.48485e-05 16.5354 16.6929 20.4724
0 0 -9.67707e-05 16.5354 16.6929 20.4724
0 0 -1.06784e-06 16.5354 16.6929 20.4724
0 0 -3.04577e-05 16.5354 16.6929 20.4724
0 0 6.2682e-05 16.5354 16.6929 20.4724
0 0 8.81252e-05 16.5354 16.6929 20.4724
0 0 7.97121e-05 16.5354 16.6929 20.4724
0 0 -1.80202e-05 16.5354 16.6929 20.4724
0 0 -0.000101508 16.5354 16.6929 20.4724
0 0 -9.1781e-05 16.5354 16.6929 20.4724
0 0 -9.73397e-05 16.5354 16.6929 20.4724
0 0 -9.55093e-05 16.5354 16.6929 20.4724
0 0 3.48521e-05 16.5354 16.6929 20.4724
0 0 8.93779e-05 16.5354 16.6929 20.4724
0 0 7.3851e-05 16.5354 16.6929 20.4724
0 0 7.53171e-05 16.5354 16.6929 20.4724
0 0 2.10318e-05 16.5354 16.6929 20.4724
0 0 -8.64561e-05 16.5354 16.6929 20.4724
0 0 -9.09945e-05 16.5354 16.6929 20.4724
0 0 -3.70469e-05 16.5354 16.6929 20.4724
0 0 -9.76805e-06 16.5354 16.6929 20.4724
0 0 9.40407e-05 16.5354 16.6929 20.4724
0 0 9.48975e-05 16.5354 16.6929 20.4724
0 0 8.13109e-05 16.5354 16.6929 20.4724
0 0 -5.96079e-05 16.5354 16.6929 20.4724
0 0 -8.19777e-05 16.5354 16.6929 20.4724
0 0 -6.69116e-05 16.5354 16.6929 20.4724
0 0 -1.43938e-06 16.5354 16.6929 20.4724
0 0 -2.91933e-05 16.5354 16.6929 20.4724
0 0 2.74236e-05 16.5354 16.6929 20.4724
0 0 2.6273e-06 16.5354 16.6929 20.4724
0 0 8.91331e-05 16.5354 16.6929 20.4724
0 0 9.05069e-05 16.5354 16.6929 20.4724
0 0 -8.48111e-05 16.5354 16.6929 20.4724
0 0 1.02664e-06 16.5354 16.6929 20.4724
0 0 -0.000101731 16.5354 16.6929 20.4724
0 0 -9.80625e-05 16.5354 16.6929 20.4724
0 0 -8.01649e-05 16.5354 16.6929 20.4724
0 0 -4.21079e-05 16.5354 16.6929 20.4724
0 0 5.97087e-05 16.5354 16.6929 20.4724
0 0 9.27574e-05 16.5354 16.6929 20.4724
0 0 6.30755e-05 16.5354 16.6929 20.4724
0 0 7.25988e-05 16.5354 16.6929 20.4724
0 0 -0.000119642 16.5354 16.6929 20.4724
0 0 -0.000203548 16.5354 16.6929 20.4724
0 0 -0.000227999 16.5354 16.6929 20.4724
0 0 -0.000220245 16.5354 16.6929 20.4724
0 0 -0.000216744 16.5354 16.6929 20.4724
0 0 -0.000212595 16.5354 16.6929 20.4724
0 0 -0.000102069 16.5354 16.6929 20.4724
0 0 -3.76536e-05 16.5354 16.6929 20.4724
0 0 -4.61684e-05 16.5354 16.6929 20.4724
0.00289288 0 -9.55337e-06 16.5354 16.6929 20.4724
0.00306305 0 3.66969e-05 16.5354 16.6929 20.4724
0.00289288 0 -5.76294e-05 16.5354 16.6929 20.4724
0.00306305 0.00306305 9.08802e-06 16.5354 16.6929 20.4724
0.00595594 0 1.01526e-05 16.5354 16.6929 20.4724
0.00306305 0 -1.86796e-05 16.5354 16.7323 20.4724
0.00595594 0 6.4107e-05 16.5354 16.7323 20.4724
0.00289288 0.00289288 0.000155181 16.5354 16.7323 20.4724
0.00595594 0 0.00023873 16.5354 16.7323 20.4724
0.00612611 0 0.000366869 16.5354 16.7323 20.4724
0.00595594 0 0.000257316 16.5354 16.7323 20.4724
0.00595594 0 0.000247881 16.5354 16.7323 20.4724
0.00901899 0 0.000185936 16.5354 16.7323 20.4724
0.00884882 0 9.44672e-05 16.5354 16.7323 20.4724
0.012082 0 4.63204e-06 16.5354 16.7323 20.4724
0.0149749 0 -5.13349e-05 16.5354 16.7323 20.4724
0.0134434 0 -0.000104417 16.5354 16.7323 20.4724
0.0163363 0 -0.000104151 16.5354 16.7323 20.4724
0.0195695 0 -0.000126814 16.5354 16.7323 20.4724
0.0222922 0 -0.000176981 16.5354 16.7323 20.4724
0.018038 0 -5.48664e-05 16.5354 16.8898 20.4724
0.0178678 0 0.000100039 16.5354 16.8898 20.4724
0.0209309 0 0.000205255 16.5354 16.8898 20.4724
0.0165065 0 0.000206849 16.5354 16.8898 20.4724
0.0165065 0 0.000210785 16.5354 16.8898 20.4724
0.0178678 0 9.72258e-05 16.5354 16.8898 20.4724
0.018038 0 -6.2583e-05 16.5354 16.8898 20.4724
0.0253553 -0.00289288 -0.000156381 16.5354 16.8898 20.4724
0.0268868 -0.00612611 -0.000260969 16.5354 16.8898 20.4724
0.027057 -0.00289288 -0.000372941 16.5354 16.8898 20.4724
0.0284183 -0.00595594 -0.00028968 16.4961 16.8898 20.4724
0.0343743 -0.00306305 -0.000176194 16.4961 16.8898 20.4724
0.0268868 -0.00289288 -0.00016808 16.4961 16.8898 20.4724
0.0403302 -0.00306305 -4.46285e-05 16.4961 16.8898 20.4724
0.0359058 -0.00306305 0.000112013 16.4961 16.8898 20.4724
0.0359058 -0.00595594 0.00027425 16.4961 17.2835 20.4724
0.0418617 -0.00289288 0.00030561 16.4961 17.2835 20.4724
0.0449248 -0.00612611 0.000344071 16.4961 17.2835 20.4724
0.0387987 -0.00289288 0.000282811 16.4961 17.2835 20.4724
0.0508807 -0.0105505 0.000229969 16.4961 17.2835 20.4724
0.0508807 -0.00595594 0.00023548 16.4961 17.2835 20.1181
0.0537736 -0.00595594 0.000217245 16.4961 17.2835 20.1181
0.0508807 -0.00748746 0.000283336 16.4961 17.2835 20.1181
0.0598997 -0.00289288 0.000173225 16.4961 17.2835 20.1181
0.0627926 -0.00612611 0.00013968 16.4961 17.2835 20.1181
0.0598997 -0.00748746 0.000174307 16.5354 17.2835 20.1181
0.0641539 -0.00595594 0.000228041 16.5354 17.2835 20.1181
0.0689187 -0.00289288 0.00033111 16.5354 17.2835 20.1181
0.0627926 -0.00306305 0.000348986 16.5354 17.2835 20.1181
0.0747045 -0.00289288 0.000284694 16.5354 17.2835 20.1181
0.0764062 -0.00306305 0.000158339 16.5354 17.9134 20.1181
0.0747045 -0.00595594 -2.86822e-05 16.5354 17.9134 20.1181
0.088318 0 -2.93977e-05 16.5354 17.9134 20.1181
0.0941038 0 -7.10637e-06 16.5354 17.9134 20.1181
0.10023 -0.00306305 -2.15897e-05 16.5354 17.9134 20.1181
0.0971668 0 9.4146e-05 16.5354 17.9134 20.315
0.0764062 0 0.000412336 16.5354 17.9134 20.315
0.0687485 0 0.000578105 16.5354 17.9134 20.315
0.0821919 -0.0134434 0.00058311 16.5354 17.9134 20.315
0.103293 -0.0149749 0.000406218 16.5354 17.9134 20.315
0.10023 -0.0163363 0.000229255 16.4567 17.9134 20.315
0.0927424 -0.00306305 0.000240429 16.4567 17.9134 20.315
0.107547 -0.00748746 0.000430292 16.4567 17.9134 20.315
0.109249 -0.0119119 0.000277372 16.4567 17.9134 20.315
0.0927424 -0.00748746 -2.61616e-05 16.4567 17.9134 20.315
0.103123 -0.00595594 -0.000162513 16.4567 19.2913 20.315
0.094274 -0.012082 -0.000140869 16.4567 19.2913 20.315
0.118098 -0.00884882 3.53515e-05 16.4567 19.2913 20.315
0.115205 -0.00612611 4.36879e-05 16.4567 19.2913 20.315
0.121161 0 7.64136e-05 16.4567 19.2913 20.315
0.122692 0 0.000213953 16.4567 19.2913 20.4724
0.107717 0 0.000376264 16.4567 19.2913 20.4724
0.118098 0 0.000299656 16.4567 19.2913 20.4724
0.113673 0 1.10005e-07 16.4567 19.2913 20.4724
0.13018 -0.00748746 -0.000163486 16.4567 19.2913 20.4724
0.13001 -0.00884882 -6.60218e-05 16.4567 19.2913 20.4724
0.125755 -0.00748746 -0.00020836 16.4567 19.2913 20.4724
0.0971668 -0.00306305 -0.000479114 16.4567 19.2913 20.4724
0.107717 0 -0.00061523 16.4567 19.2913 20.4724
0.135966 -0.00289288 -0.000509801 16.4567 19.2913 20.4724
0.115205 -0.0149749 -0.000519372 16.4567 20.9055 20.4724
0.13018 -0.0239939 -0.000268199 16.4567 20.9055 20.4724
0.139029 -0.0119119 -3.92449e-05 16.4567 20.9055 20.4724
0.115205 -0.00748746 0.000197297 16.4567 20.9055 20.4724
0.119629 -0.00595594 0.00041824 16.4567 20.9055 20.4724
0.136136 -0.0149749 0.000472695 16.4567 20.9055 20.748
0.127117 -0.00595594 0.00063653 16.4567 20.9055 20.748
0.136136 -0.00595594 0.000792417 16.4567 20.9055 20.748
0.134604 -0.00901899 0.000775394 16.4567 20.9055 20.748
0.137497 0 0.000792517 16.4567 20.9055 20.748
0.139199 0 0.000818554 16.4961 20.9055 20.748
0.136136 0 0.000518301 16.4961 20.9055 20.748
0.124054 0 0.000237422 16.4961 20.9055 20.748
0.137667 -0.00306305 0.000239859 16.4961 20.9055 20.748
0.14056 -0.00595594 0.000171932 16.4961 20.9055 20.748
0.11061 -0.00306305 0.000302631 16.4961 22.8346 20.748
0.124224 0 0.000398245 16.4961 22.8346 20.748
0.136136 0 -0 16.4961 22.8346 20.748
0.134604 0 0.000274467 16.4961 22.8346 20.748
0.127117 -0.00289288 0.000311004 16.4961 22.8346 20.748
0.144985 -0.00901899 0.000312185 16.4961 22.8346 21.811
0.16013 -0.00595594 0.000209025 16.4961 22.8346 21.811
0.121161 0 0.000201584 16.4961 22.8346 21.811
0.125585 -0.00306305 0.000248185 16.4961 22.8346 21.811
0.125585 -0.00289288 0.000310165 16.4961 22.8346 21.811
0.122692 -0.00306305 0.000333525 16.4567 22.8346 21.811
0.137497 -0.00289288 0.000295651 16.4567 22.8346 21.811
0.116736 0 0.000122059 16.4567 22.8346 21.811
0.0986984 0 6.13832e-05 16.4567 22.8346 21.811
0.125585 0 -3.67021e-05 16.4567 22.8346 21.811
0.127117 0 7.77852e-05 16.4567 24.7244 21.811
0.107717 0 0.000250839 16.4567 24.7244 21.811
0.119629 0 0.000411328 16.4567 24.7244 21.811
0.124224 0 0.000518378 16.4567 24.7244 21.811
0.0971668 0 0.000588781 16.4567 24.7244 21.811
0.122692 0 0.000549646 16.4567 24.7244 22.9921
0.11061 0 0.000313862 16.4567 24.7244 22.9921
0.113673 0 0.000392474 16.4567 24.7244 22.9921
0.136136 0 0.000617912 16.4567 24.7244 22.9921
0.125585 -0.00595594 0.000634241 16.4567 24.7244 22.9921
0.11078 -0.00901899 0.000739275 16.2992 24.7244 22.9921
0.107547 -0.00306305 0.000728956 16.2992 24.7244 22.9921
0.118268 0 0.000476195 16.2992 24.7244 22.9921
0.119629 0 0.000428125 16.2992 24.7244 22.9921
0.11061 -0.00289288 0.000334249 16.2992 24.7244 22.9921
0.131711 0 0.000289923 16.2992 26.6929 22.9921
0.106186 0 0.00022131 16.2992 26.6929 22.9921
0.125585 0 0.000108045 16.2992 26.6929 22.9921
0.121161 0 0.000144762 16.2992 26.6929 22.9921
0.118098 0 0.000276727 16.2992 26.6929 22.9921
0.106186 0 0.000287703 16.2992 26.6929 22.9921
0.115205 0 0.000134338 16.2992 26.6929 108.228
0.104654 0 5.37164e-05 16.2992 26.6929 108.228
0.10023 0 4.01432e-05 16.2992 26.6929 108.228
0.0927424 0 -0.000161996 16.2992 26.6929 108.228
0.115205 0 -0.000316763 16.2598 26.6929 108.228
0.11061 -0.00612611 -0.000227939 16.2598 26.6929 108.228
0.103293 -0.00884882 -0.000125187 16.2598 26.6929 108.228
0.109079 -0.00306305 -0.000192849 16.2598 26.6929 108.228
0.113673 -0.00595594 -0.000395183 16.2598 26.6929 108.228
0.104654 -0.00306305 -0.000511235 16.2598 28.4646 108.228
0.11078 0 -0.000442769 16.2598 28.4646 108.228
0.115205 0 -0.000509237 16.2598 28.4646 108.228
0.107547 0 -0.000501734 16.2598 28.4646 108.228
0.11078 0 -0.000483543 16.2598 28.4646 108.228
0.109079 0 -0.00058285 16.2598 28.4646 108.228
0.109249 0 -0.000736808 16.2598 28.4646 107.874
0.0927424 0 -0.000720003 16.2598 28.4646 107.874
0.088318 0 -0.000607397 16.2598 28.4646 107.874
0.0881479 0 -0.000500261 16.2598 28.4646 107.874
0.0971668 0 -0.000385836 16.2598 28.4646 107.874
0.0927424 0 -0.000276015 16.2598 28.4646 107.874
0.0912109 0 -0.000167381 16.2598 28.4646 107.874
0.0867865 0 4.80296e-05 16.2598 28.4646 107.874
0.0912109 0 0.000131082 16.2598 28.4646 107.874
0.0837234 0 0.000204821 16.2598 29.8819 107.874
0.0643241 0 0.000272778 16.2598 29.8819 107.874
0.0777675 0 0.00034289 16.2598 29.8819 107.874
0.0689187 0 0.000309134 16.2598 29.8819 107.874
0.0597295 0 0.000247153 16.2598 29.8819 107.874
0.0627926 0 0.000187078 16.2598 29.8819 107.874
0.0583682 0 0.000130831 16.2598 29.8819 111.85
0.0524122 0 0.000101167 16.2598 29.8819 111.85
0.0522421 0 0.000103871 16.2598 29.8819 111.85
0.0449248 0 0.000104181 16.2598 29.8819 111.85
0.0389688 0 0.000129304 16.2598 29.8819 111.85
0.0387987 0 0.000168819 16.2598 29.8819 111.85
0.0330129 0 0.000126112 16.2598 29.8819 111.85
0.0268868 0 5.51748e-05 16.2598 29.8819 111.85
0.0224624 0 -4.84838e-05 16.2598 29.8819 111.85
0.0163363 0 -0.000129983 16.2598 30.5906 111.85
0.012082 0 -0.000199111 16.2598 30.5906 111.85
0.00595594 0 -0.000209702 16.2598 30.5906 111.85
0 0 -0.000181112 16.2598 30.5906 111.85
0 0 -0.000183119 16.2598 30.5906 111.85
0 -0.00595594 -0.000183905 16.2598 30.5906 111.85
-0.00306305 -0.00748746 -0.000189699 16.2598 30.5906 111.693
0 -0.00289288 -0.000183889 16.2598 30.5906 111.693
-0.00595594 -0.00306305 -0.000152937 16.2598 30.5906 111.693
-0.0239939 0 -5.21219e-05 16.2598 30.5906 111.693
-0.0297797 0 2.86221e-05 16.2598 30.5906 111.693
-0.0299498 0 0.000102951 16.2598 30.5906 111.693
-0.0343743 0 0.000105595 16.2598 30.5906 111.693
-0.0449248 0 0.000106506 16.2598 30.5906 111.693
-0.0418617 0 0.000132544 16.2598 30.5906 111.693
-0.0553051 0 0.000164559 16.2598 30.3543 111.693
-0.0583682 0 0.000167074 16.2598 30.3543 111.693
-0.0643241 0 0.000100568 16.2598 30.3543 111.693
-0.0627926 -0.00289288 -8.99376e-05 16.2598 30.3543 111.693
-0.0614312 -0.00748746 -2.89548e-05 16.2598 30.3543 111.693
-0.0553051 -0.00612611 0.000313366 16.2598 30.3543 111.693
-0.0597295 -0.00289288 0.000660352 16.2598 30.3543 108.189
-0.0689187 -0.00306305 0.000447446 16.2598 30.3543 108.189
-0.076236 -0.00595594 0.000159493 16.2598 30.3543 108.189
-0.0821919 -0.00595594 -4.25322e-05 16.2598 30.3543 108.189
-0.0927424 -0.00306305 -0.000288386 16.2598 30.3543 108.189
-0.106186 -0.00731729 -0.000324894 16.2598 30.3543 108.189
-0.0912109 -0.00901899 -0.0004402 16.2598 30.3543 108.189
-0.106186 0 -0.000516526 16.2598 30.3543 108.189
-0.109249 0 -0.000547952 16.2598 30.3543 108.189
-0.101761 0 -0.000746831 16.2598 29.1732 108.189
-0.101591 0 -0.00071519 16.2598 29.1732 108.189
-0.118268 -0.00901899 -0.000644911 16.2598 29.1732 108.189
-0.131541 0 -0.000863041 16.2598 29.1732 108.189
-0.106186 0.00306305 -0.00105318 16.2598 29.1732 108.189
-0.145155 0 -0.00103292 16.2598 29.1732 108.189
-0.148048 0 -0.000985798 16.2598 29.1732 107.835
-0.134604 0 -0.000869378 16.2598 29.1732 107.835
-0.155535 0 -0.000673202 16.2598 29.1732 107.835
-0.154003 0 -0.000534171 16.2598 29.1732 107.835
-0.124224 0 -0.000306783 16.2598 29.1732 107.835
-0.159959 0 -0.000220767 16.2598 29.1732 107.835
-0.137667 0 -0.000165021 16.2598 29.1732 107.835
-0.115035 -0.00306305 -5.64459e-05 16.2598 29.1732 107.835
-0.17051 0 0.000101698 16.2598 29.1732 107.835
-0.167617 0 0.000235549 16.2598 26.8898 107.835
-0.149579 0 0.000249239 16.2598 26.8898 107.835
-0.168978 -0.00306305 0.000209339 16.2598 26.8898 107.835
-0.159959 -0.00289288 0.000293678 16.2598 26.8898 107.835
-0.177997 -0.00595594 0.000404885 16.2598 26.8898 107.835
-0.166086 -0.00306305 0.000540611 16.2598 26.8898 22.9528
-0.163022 0 0.000605742 16.2598 26.8898 22.9528
-0.168978 0.00306305 0.000580373 16.2598 26.8898 22.9528
-0.177997 -0.00306305 0.000636357 16.2598 26.8898 22.9528
-0.174934 -0.00595594 0.000670227 16.2598 26.8898 22.9528
-0.188378 0 0.000755793 16.4567 26.8898 22.9528
-0.164554 0 0.000742808 16.4567 26.8898 22.9528
-0.17051 -0.00306305 0.000571598 16.4567 26.8898 22.9528
-0.172041 -0.00289288 0.000514161 16.4567 26.8898 22.9528
-0.168978 0 0.000462542 16.4567 26.8898 22.9528
-0.174934 -0.00595594 0.00036058 16.4567 26.8898 22.9528
-0.18106 -0.00306305 0.000262781 16.4567 24.3307 22.9528
-0.176466 0 0.000292721 16.4567 24.3307 22.9528
-0.197397 0 0.000234421 16.4567 24.3307 22.9528
-0.197397 -0.00289288 0.000102656 16.4567 24.3307 22.9528
-0.198928 0.00289288 -0.000102362 16.4567 24.3307 22.9528
-0.224454 0.0105505 -1.8783e-05 16.4567 24.3307 21.6535
-0.195865 0 -0.000150633 16.4567 24.3307 21.6535
-0.155535 -0.0105505 -0.00019848 16.4567 24.3307 21.6535
-0.203353 -0.00289288 -0.000179882 16.4567 24.3307 21.6535
-0.198928 0 -0.000188751 16.4567 24.3307 21.6535
-0.152642 0 -0.000192363 16.4961 24.3307 21.6535
-0.194334 0 -0.000194255 16.4961 24.3307 21.6535
-0.197567 -0.00306305 -0.000326823 16.4961 24.3307 21.6535
-0.212372 -0.00306305 -0.000344568 16.4961 24.3307 21.6535
-0.168978 0 -0.000211314 16.4961 24.3307 21.6535
-0.198928 0 -0.000234672 16.4961 21.4961 21.6535
-0.188378 0 -0.000336949 16.4961 21.4961 21.6535
-0.198928 0.00901899 -0.000493073 16.4961 21.4961 21.6535
-0.201991 0.00901899 -0.000474513 16.4961 21.4961 21.6535
-0.185315 -0.00306305 -0.000271654 16.4961 21.4961 21.6535
-0.157067 0 -0.000187935 16.4961 21.4961 20.7087
-0.197397 0.00306305 -0.000186678 16.4961 21.4961 20.7087
-0.219859 0 -8.01846e-05 16.4961 21.4961 20.7087
-0.187016 0 8.13543e-05 16.4961 21.4961 20.7087
-0.174934 -0.00595594 6.07407e-05 16.4961 21.4961 20.7087
-0.218498 -0.00595594 0.000129132 16.5354 21.4961 20.7087
-0.234664 0 0.000430308 16.5354 21.4961 20.7087
-0.177997 0 0.000462389 16.5354 21.4961 20.7087
-0.192972 0 0.000382548 16.5354 21.4961 20.7087
-0.18106 0 0.000521793 16.5354 21.4961 20.7087
-0.219859 0.0103803 0.000637597 16.5354 18.7402 20.7087
-0.185315 -0.00306305 0.000626331 16.5354 18.7402 20.7087
-0.203523 -0.00884882 0.000530917 16.5354 18.7402 20.7087
-0.207777 0 0.000464777 16.5354 18.7402 20.7087
-0.261891 0 0.00066943 16.5354 18.7402 20.7087
-0.192802 0 0.00066522 16.5354 18.7402 20.3543
-0.201991 -0.00306305 0.000529618 16.5354 18.7402 20.3543
-0.192972 -0.00289288 0.00072774 16.5354 18.7402 20.3543
-0.209309 0 0.000805546 16.5354 18.7402 20.3543
-0.173573 0.00289288 0.000613511 16.5354 18.7402 20.3543
-0.174934 0 0.000316407 16.6142 18.7402 20.3543
-0.221391 -0.0178678 0.000327639 16.6142 18.7402 20.3543
-0.201821 0.0103803 0.000377322 16.6142 18.7402 20.3543
-0.166086 0.0165065 0.00028588 16.6142 18.7402 20.3543
-0.213903 -0.018038 9.00302e-05 16.6142 18.7402 20.3543
-0.216796 0 0.000104731 16.6142 16.7717 20.3543
-0.177997 0.00901899 0.000160599 16.6142 16.7717 20.3543
-0.187016 -0.00595594 0.000193767 16.6142 16.7717 20.3543
-0.209309 -0.0105505 0.000148469 16.6142 16.7717 20.3543
-0.179529 0.00306305 0.000141745 16.6142 16.7717 20.3543
-0.179359 0 0.000198625 16.6142 16.7717 20.3937
-0.185485 -0.0119119 -3.16184e-05 16.6142 16.7717 20.3937
-0.177997 0.00289288 -0.000155233 16.6142 16.7717 20.3937
-0.183953 0 -0.000164656 16.6142 16.7717 20.3937
-0.17051 -0.00595594 -0.000212358 16.6142 16.7717 20.3937
-0.136136 0.00306305 -0.000256042 16.6535 16.7717 20.3937
-0.158598 0 -0.000324165 16.6535 16.7717 20.3937
-0.186846 0 -0.000221067 16.6535 16.7717 20.3937
-0.183953 0.00289288 -0.000116147 16.6535 16.7717 20.3937
-0.158598 0.00306305 2.08645e-05 16.6535 16.7717 20.3937
-0.167447 0.00289288 6.19604e-06 16.6535 13.1102 20.3937
-0.197567 0 0.00018396 16.6535 13.1102 20.3937
-0.144985 0 0.000146903 16.6535 13.1102 20.3937
-0.154003 0 0.000138646 16.6535 13.1102 20.3937
-0.146686 0 0.000133552 16.6535 13.1102 20.3937
-0.116566 -0.00595594 3.92905e-05 16.6535 13.1102 20.6299
-0.151111 0 0.000144444 16.6535 13.1102 20.6299
-0.143623 0 0.000199464 16.6535 13.1102 20.6299
-0.174934 0 -3.65096e-05 16.6535 13.1102 20.6299
-0.154003 -0.00442441 -0.000100519 16.6535 13.1102 20.6299
-0.155535 0 -0.000210199 16.7323 13.1102 20.6299
-0.145155 -0.00306305 -0.000220064 16.7323 13.1102 20.6299
-0.144985 0.00306305 -0.000347945 16.7323 13.1102 20.6299
-0.143623 -0.00306305 -0.000351366 16.7323 13.1102 20.6299
-0.128648 0 -0.000306006 16.7323 13.1102 20.6299
-0.143623 0.00306305 -0.00026263 16.7323 11.0236 20.6299
-0.158428 0.00306305 -0.000224342 16.7323 11.0236 20.6299
-0.142092 0 -0.000310975 16.7323 11.0236 20.6299
-0.122692 0 -0.000343318 16.7323 11.0236 20.6299
-0.136136 0 -0.000350845 16.7323 11.0236 20.6299
-0.128648 0 -0.000462921 16.7323 11.0236 21.6929
-0.109079 0 -0.000424202 16.7323 11.0236 21.6929
-0.118268 0 -0.000257986 16.7323 11.0236 21.6929
-0.116566 0 -0.000290243 16.7323 11.0236 21.6929
-0.0986984 0 -0.000275791 16.7323 11.0236 21.6929
-0.11078 -0.00306305 -9.39505e-05 17.0079 11.0236 21.6929
-0.0821919 0.00306305 -6.00559e-05 17.0079 11.0236 21.6929
-0.0958055 0 -0.000149737 17.0079 11.0236 21.6929
-0.076236 -0.00306305 -0.000206345 17.0079 11.0236 21.6929
-0.0867865 0 -0.000134804 17.0079 11.0236 21.6929
-0.076236 0 -0.000165912 17.0079 9.40945 21.6929
-0.0731729 0 -0.000209391 17.0079 9.40945 21.6929
-0.0748746 0 -0.000129254 17.0079 9.40945 21.6929
-0.067217 0 -0.000108122 17.0079 9.40945 21.6929
-0.0658556 0 -7.32672e-05 17.0079 9.40945 21.6929
-0.0508807 0 -0.000136297 17.0079 9.40945 22.3622
-0.0537736 0.00306305 -0.00012319 17.0079 9.40945 22.3622
-0.0479878 -0.00306305 -1.0318e-05 17.0079 9.40945 22.3622
-0.0612611 0 0.000114861 17.0079 9.40945 22.3622
-0.0343743 0 0.000153873 17.0079 9.40945 22.3622
-0.0343743 0 0.000202142 17.0472 9.40945 22.3622
-0.0268868 0 0.000263674 17.0472 9.40945 22.3622
-0.0224624 -0.00306305 0.000326771 17.0472 9.40945 22.3622
-0.0239939 0 0.000474937 17.0472 9.40945 22.3622
-0.0178678 0 0.00069804 17.0472 9.40945 22.3622
-0.018038 -0.00289288 0.000737702 17.0472 8.38583 22.3622
-0.0165065 -0.00306305 0.000690021 17.0472 8.38583 22.3622
-0.0119119 -0.00289288 0.00060765 17.0472 8.38583 22.3622
-0.0134434 0 0.000561161 17.0472 8.38583 22.3622
-0.00901899 -0.00306305 0.000464252 17.0472 8.38583 22.3622
-0.00595594 0 0.000338888 17.0472 8.38583 22.7953
-0.00289288 0 0.000186638 17.0472 8.38583 22.7953
-0.00612611 0 -0.000111239 17.0472 8.38583 22.7953
-0.00595594 0 -0.000396843 17.0472 8.38583 22.7953
-0.00289288 0 -0.000543589 17.0472 8.38583 22.7953
-0.00306305 0.00306305 -0.000549894 17.0472 8.38583 22.7953
-0.00289288 0.00289288 -0.00048645 17.0472 8.38583 22.7953
-0.00306305 0 -0.000346885 17.0472 8.38583 22.7953
0 0 -0.000200604 17.0472 8.38583 22.7953
0 0 -0.000108408 17.0472 8.38583 22.7953
0 0 -5.23757e-05 17.0472 8.46457 22.7953
0 0 -2.08495e-07 17.0472 8.46457 22.7953
0 0 2.06993e-05 17.0472 8.46457 22.7953
0 0.00306305 2.80041e-05 17.0472 8.46457 22.7953
0 0 3.30671e-05 17.0472 8.46457 22.7953
0 0 3.40337e-05 17.0472 8.46457 22.8346
0 0 8.16769e-05 17.0472 8.46457 22.8346
0 0 0.000146416 17.0472 8.46457 22.8346
0 0 0.000250262 17.0472 8.46457 22.8346
0 0 0.000256466 17.0472 8.46457 22.8346
0 0 0.000143029 17.0472 8.46457 22.8346
0 0 -7.77869e-05 17.0472 8.46457 22.8346
0 0.00289288 -0.000359898 17.0472 8.46457 22.8346
0 0 -0.000669778 17.0472 8.46457 22.8346
0 0.00612611 -0.000960421 17.0472 8.46457 22.8346
0 0.00595594 -0.00116764 17.0472 8.50394 22.8346
0.00306305 0.00289288 -0.00131069 17.0472 8.50394 22.8346
0.00289288 0.00901899 -0.00125492 17.0472 8.50394 22.8346
0.00595594 0.00595594 -0.00107241 17.0472 8.50394 22.8346
0.00901899 0.00595594 -0.000802026 17.0472 8.50394 22.8346
0.0149749 0.00306305 -0.000421496 17.0472 8.50394 23.0315
0.0134434 0 1.59656e-05 17.0472 8.50394 23.0315
0.00901899 0 0.0004087 17.0472 8.50394 23.0315
0.0163363 0 0.000677195 17.0472 8.50394 23.0315
0.0195695 0 0.000757892 17.0472 8.50394 23.0315
0.0193993 0 0.000763971 17.0079 8.50394 23.0315
0.0239939 0 0.000541245 17.0079 8.50394 23.0315
0.0284183 0 0.000211432 17.0079 8.50394 23.0315
0.0268868 0 -0.000140451 17.0079 8.50394 23.0315
0.0297797 0.00289288 -0.000498696 17.0079 8.50394 23.0315
0.0359058 -0.00289288 -0.000773271 17.0079 8.70079 23.0315
0.0359058 0 -0.000971459 17.0079 8.70079 23.0315
0.0418617 0.00289288 -0.00100457 17.0079 8.70079 23.0315
0.0449248 -0.00289288 -0.000815694 17.0079 8.70079 23.0315
0.0418617 0.00442441 -0.000513006 17.0079 8.70079 23.0315
0.0449248 0.00595594 -0.000470438 17.0079 8.70079 22.5197
0.0493492 0 -0.000901638 17.0079 8.70079 22.5197
0.0478177 0 -0.00159437 17.0079 8.70079 22.5197
0.0524122 0 -0.00205402 17.0079 8.70079 22.5197
0.0553051 0.00306305 -0.00243436 17.0079 8.70079 22.5197
0.0537736 0.00306305 -0.00258582 17.0079 8.70079 22.5197
0.0643241 0 -0.00259604 17.0079 8.70079 22.5197
0.0748746 0 -0.00255588 17.0079 8.70079 22.5197
0.0777675 0.00289288 -0.0027404 17.0079 8.70079 22.5197
0.0731729 0.00901899 -0.00310108 17.0079 8.70079 22.5197
0.0704502 0.00595594 -0.00338609 17.0079 9.80315 22.5197
0.0777675 0 -0.00344 17.0079 9.80315 22.5197
0.076236 0 -0.0032669 17.0079 9.80315 22.5197
0.106186 0 -0.0032087 17.0079 9.80315 22.5197
0.104654 0 -0.00337649 17.0079 9.80315 22.5197
0.094274 0 -0.0036409 17.0079 9.80315 22.2835
0.11061 0 -0.00350697 17.0079 9.80315 22.2835
0.125585 0 -0.003111 17.0079 9.80315 22.2835
0.10023 0 -0.00313281 17.0079 9.80315 22.2835
0.131711 0 -0.00337885 17.0079 9.80315 22.2835
0.13001 0 -0.00335296 17.0866 9.80315 22.2835
0.125755 0 -0.00352802 17.0866 9.80315 22.2835
0.143453 0 -0.00374229 17.0866 9.80315 22.2835
0.155705 0 -0.00362879 17.0866 9.80315 22.2835
0.137497 0 -0.00340011 17.0866 9.80315 22.2835
0.143623 0 -0.00333635 17.0866 11.063 22.2835
0.152472 0 -0.00307518 17.0866 11.063 22.2835
0.145155 0 -0.00297584 17.0866 11.063 22.2835
0.168978 0 -0.00279609 17.0866 11.063 22.2835
0.152642 0 -0.00262579 17.0866 11.063 22.2835
0.144985 0 -0.00258485 17.0866 11.063 21.2992
0.158598 0 -0.00253782 17.0866 11.063 21.2992
0.154003 0 -0.00282495 17.0866 11.063 21.2992
0.133073 0 -0.00337008 17.0866 11.063 21.2992
0.157067 0 -0.00350945 17.0866 11.063 21.2992
0.158598 0 -0.00379679 17.2047 11.063 21.2992
0.161491 0 -0.00391199 17.2047 11.063 21.2992
0.177997 0 -0.00372042 17.2047 11.063 21.2992
0.189909 0 -0.0040296 17.2047 11.063 21.2992
0.183953 0 -0.00435048 17.2047 11.063 21.2992
0.157067 0 -0.00433226 17.2047 13.4252 21.2992
0.176466 0 -0.00415729 17.2047 13.4252 21.2992
0.177997 0 -0.00446996 17.2047 13.4252 21.2992
0.148048 0 -0.00488505 17.2047 13.4252 21.2992
0.158598 0 -0.00497553 17.2047 13.4252 21.2992
0.195865 0 -0.00498381 17.2047 13.4252 20.1181
0.177997 0 -0.00502661 17.2047 13.4252 20.1181
0.177997 0 -0.00524866 17.2047 13.4252 20.1181
0.176466 0 -0.00560225 17.2047 13.4252 20.1181
0.174934 0 -0.00556924 17.2047 13.4252 20.1181
0.192972 0 -0.00522766 17.8346 13.4252 20.1181
0.187016 0 -0.00514216 17.8346 13.4252 20.1181
0.165915 0 -0.00527931 17.8346 13.4252 20.1181
0.190079 0 -0.00536938 17.8346 13.4252 20.1181
0.20029 0 -0.00531425 17.8346 13.4252 20.1181
0.191441 0 -0.00510625 17.8346 17.0079 20.1181
0.20046 0 -0.00528945 17.8346 17.0079 20.1181
0.201991 0 -0.00541091 17.8346 17.0079 20.1181
0.189909 0 -0.0050966 17.8346 17.0079 20.1181
0.191441 0 -0.00518048 17.8346 17.0079 20.1181
0.204884 0 -0.00563841 17.8346 17.0079 19.3701
0.182422 0 -0.00582597 17.8346 17.0079 19.3701
0.21084 0 -0.00571579 17.8346 17.0079 19.3701
0.212372 -0.00306305 -0.00552229 17.8346 17.0079 19.3701
0.20046 -0.00289288 -0.00548413 17.8346 17.0079 19.3701
0.17051 0 -0.00576254 18.6614 17.0079 19.3701
0.213903 0 -0.00589166 18.6614 17.0079 19.3701
0.197397 -0.00306305 -0.0056735 18.6614 17.0079 19.3701
0.158598 0 -0.00583207 18.6614 17.0079 19.3701
0.218328 0 -0.00608943 18.6614 17.0079 19.3701
0.209309 0 -0.00623611 18.6614 19.3307 19.3701
0.191441 0 -0.00621488 18.6614 19.3307 19.3701
0.173573 0 -0.00627575 18.6614 19.3307 19.3701
0.222922 0 -0.0065254 18.6614 19.3307 19.3701
0.198758 0 -0.006671 18.6614 19.3307 19.3701
0.20046 0 -0.00669023 18.6614 19.3307 19.2913
0.172041 0 -0.00705901 18.6614 19.3307 19.2913
0.216796 0 -0.00740313 18.6614 19.3307 19.2913
0.198928 0 -0.00720515 18.6614 19.3307 19.2913
0.227347 0 -0.0073106 18.6614 19.3307 19.2913
0.183953 -0.00289288 -0.00761528 41.2992 19.3307 19.2913
0.212372 -0.00306305 -0.00781511 41.2992 19.3307 19.2913
0.216966 0 -0.00750455 41.2992 19.3307 19.2913
0.176466 -0.00289288 -0.00716932 41.2992 19.3307 19.2913
0.204884 0 -0.00720772 41.2992 19.3307 19.2913
0.194504 -0.00306305 -0.00734592 41.2992 22.3228 19.2913
0.22122 -0.00306305 -0.00724345 41.2992 22.3228 19.2913
0.213903 -0.00289288 -0.00705837 41.2992 22.3228 19.2913
0.212372 0 -0.00723096 41.2992 22.3228 19.2913
0.219859 -0.00306305 -0.0073004 41.2992 22.3228 19.2913
0.215435 0 -0.00728216 41.2992 22.3228 17.9528
0.20046 0 -0.00711704 41.2992 22.3228 17.9528
0.224284 0 -0.00661986 41.2992 22.3228 17.9528
0.204884 0 -0.00634088 41.2992 22.3228 17.9528
0.209309 0 -0.00645265 41.2992 22.3228 17.9528
0.209479 0 -0.00674699 21.5748 22.3228 17.9528
0.189909 0 -0.00681087 21.5748 22.3228 17.9528
0.21084 0 -0.00665444 21.5748 22.3228 17.9528
0.209479 0 -0.0065946 21.5748 22.3228 17.9528
0.204884 -0.00289288 -0.00688816 21.5748 22.3228 17.9528
0.228878 -0.00306305 -0.00682077 21.5748 25.7874 17.9528
0.215265 0 -0.00692853 21.5748 25.7874 17.9528
0.197397 0 -0.00710934 21.5748 25.7874 17.9528
0.221391 0 -0.00721892 21.5748 25.7874 17.9528
0.216966 -0.00289288 -0.00742069 21.5748 25.7874 17.9528
0.182422 0 -0.00726275 21.5748 25.7874 17.4409
0.212372 0 -0.00714197 21.5748 25.7874 17.4409
0.225815 -0.00306305 -0.00729212 21.5748 25.7874 17.4409
0.207947 -0.00306305 -0.00743009 21.5748 25.7874 17.4409
0.219859 -0.00289288 -0.00756407 21.5748 25.7874 17.4409
0.213903 0 -0.00777234 23.5039 25.7874 17.4409
0.239258 -0.00306305 -0.0081832 23.5039 25.7874 17.4409
0.212372 -0.00289288 -0.00827394 23.5039 25.7874 17.4409
0.209309 -0.00612611 -0.00794555 23.5039 25.7874 17.4409
0.219859 -0.00289288 -0.00809646 23.5039 25.7874 17.4409
0.215435 -0.00306305 -0.00853008 23.5039 28.7402 17.4409
0.228878 -0.00748746 -0.0088918 23.5039 28.7402 17.4409
0.227347 -0.00595594 -0.00869587 23.5039 28.7402 17.4409
0.216796 -0.00289288 -0.00828447 23.5039 28.7402 17.4409
0.212372 0 -0.00830996 23.5039 28.7402 17.4409
0.218328 -0.00306305 -0.00840209 23.5039 28.7402 16.1417
0.204884 0 -0.0083984 23.5039 28.7402 16.1417
0.212542 0 -0.008414 23.5039 28.7402 16.1417
0.203353 0 -0.00829862 23.5039 28.7402 16.1417
0.236195 -0.00595594 -0.00837507 23.5039 28.7402 16.1417
0.222922 -0.00442441 -0.00856228 26.1811 28.7402 16.1417
0.207947 -0.00748746 -0.00864554 26.1811 28.7402 16.1417
0.194334 -0.00306305 -0.00856315 26.1811 28.7402 16.1417
0.204884 -0.00306305 -0.00878259 26.1811 28.7402 16.1417
0.243853 -0.00289288 -0.00907032 26.1811 28.7402 16.1417
0.192972 -0.0105505 -0.0092906 26.1811 27.7953 16.1417
0.212372 -0.00442441 -0.00921655 26.1811 27.7953 16.1417
0.182422 -0.00595594 -0.0090092 26.1811 27.7953 16.1417
0.213903 -0.00748746 -0.00959877 26.1811 27.7953 16.1417
0.198928 -0.00901899 -0.0101121 26.1811 27.7953 16.1417
0.216796 -0.00595594 -0.0100336 26.1811 27.7953 15.5118
0.21101 -0.00306305 -0.0100485 26.1811 27.7953 15.5118
0.191441 -0.00748746 -0.0101673 26.1811 27.7953 15.5118
0.230239 -0.00289288 -0.0100553 26.1811 27.7953 15.5118
0.203353 0 -0.0102239 26.1811 27.7953 15.5118
0.227347 0 -0.010323 29.9606 27.7953 15.5118
0.187016 -0.00306305 -0.0103273 29.9606 27.7953 15.5118
0.23041 0 -0.0101361 29.9606 27.7953 15.5118
0.206246 0 -0.00995839 29.9606 27.7953 15.5118
0.239429 0 -0.0100106 29.9606 27.7953 15.5118
0.222752 0 -0.0103902 29.9606 29.1732 15.5118
0.201991 0 -0.0102694 29.9606 29.1732 15.5118
0.225815 0 -0.010201 29.9606 29.1732 15.5118
0.198928 0 -0.0101447 29.9606 29.1732 15.5118
0.20046 0 -0.00977204 29.9606 29.1732 15.5118
0.225815 0 -0.00961869 29.9606 29.1732 15.1575
0.221391 0 -0.00942102 29.9606 29.1732 15.1575
0.198758 0 -0.00902273 29.9606 29.1732 15.1575
0.215435 0.00306305 -0.00897591 29.9606 29.1732 15.1575
0.221391 0 -0.00904314 29.9606 29.1732 15.1575
0.191441 0 -0.00887553 29.9606 29.1732 15.1575
0.201821 0 -0.00860883 29.9606 29.1732 15.1575
0.236366 0 -0.00856876 29.9606 29.1732 15.1575
0.191441 0 -0.00829721 -0.0393701 29.1732 15.1575
0.23041 0 -0.00775391 -0.0393701 29.1732 15.1575
0.218328 0 -0.00719176 -0.0393701 31.2205 15.1575
0.207777 0 -0 -0.0393701 31.2205 15.1575
0.197567 0 -0.00686568 -0.0393701 31.2205 15.1575
0.204884 0 -0 -0.0393701 31.2205 15.1575
0.201821 0 -0.0132132 -0.0393701 31.2205 15.1575
0.228878 0.00289288 -0.00586153 -0.0393701 31.2205 15.2756
0.207947 0 -0.00534295 -0.0393701 31.2205 15.2756
0.215265 0.00306305 -0.00480388 -0.0393701 31.2205 15.2756
0.188548 0 -0.0043861 -0.0393701 31.2205 15.2756
0.234834 0.00306305 -0.00412208 -0.0393701 31.2205 15.2756
0.192802 0 -0.0038828 -0.0393701 31.2205 15.2756
0.188548 0.00748746 -0.00337906 -0.0393701 31.2205 15.2756
0.213903 0.00731729 -0.00287994 -0.0393701 31.2205 15.2756
0.215265 0 -0.00281841 -0.0393701 31.2205 15.2756
0.185485 0 -0.0026141 -0.0393701 31.2205 15.2756
0.204884 0.00306305 -0.00241471 -0.0393701 33.7008 15.2756
0.213903 0.00748746 -0.00188605 -0.0393701 33.7008 15.2756
0.185485 0.00595594 -0.00163694 -0.0393701 33.7008 15.2756
0.176466 0 -0.00157558 -0.0393701 33.7008 15.2756
0.188378 0.00459458 -0.00125763 -0.0393701 33.7008 15.2756
0.183953 0.00289288 -0.000957118 -0.0393701 33.7008 36.4961
0.185485 0.00595594 -0.000824551 -0.0393701 33.7008 36.4961
0.172041 0.00459458 -0.000793741 -0.0393701 33.7008 36.4961
0.163022 0 -0.000794756 -0.0393701 33.7008 36.4961
0.176466 0 -0.000603305 -0.0393701 33.7008 36.4961
0.173573 0 -0.000328718 -0.0393701 33.7008 36.4961
0.134604 0 -0.000221734 93.3071 33.7008 36.4961
0.136136 0 -0.000117546 93.3071 33.7008 36.4961
0.154003 0 2.21758e-05 93.3071 33.7008 36.4961
0.143623 0 0.000103109 93.3071 33.7008 36.4961
0.144985 0 0.000329751 93.3071 36.2205 36.4961
0.13018 0 0.00041844 93.3071 36.2205 36.4961
0.124054 0 0.000503175 93.3071 36.2205 36.4961
0.127117 0 0.000612725 93.3071 36.2205 36.4961
0.119629 0 0.000592766 93.3071 36.2205 36.4961
0.121161 0 0.000524869 93.3071 36.2205 36.378
0.106186 0 0.000673708 93.3071 36.2205 36.378
0.0927424 0 0.000794787 93.3071 36.2205 36.378
0.0927424 0 0.000793847 93.3071 36.2205 36.378
0.0837234 0 0.00079784 93.3071 36.2205 36.378
0.0808306 0 0.000894198 93.3071 36.2205 36.378
0.076236 0 0.000944056 92.8346 36.2205 36.378
0.07028 0 0.000884886 92.8346 36.2205 36.378
0.0627926 0 0.000855325 92.8346 36.2205 36.378
0.0704502 0 0.000829231 92.8346 36.2205 36.378
0.0493492 0 0.000717349 92.8346 37.6772 36.378
0.0478177 0 0.000595413 92.8346 37.6772 36.378
0.0403302 0 0.000509275 92.8346 37.6772 36.378
0.0314814 0 0.00044655 92.8346 37.6772 36.378
0.0253553 0 0.000390593 92.8346 37.6772 36.378
0.0239939 0 0.000350905 92.8346 37.6772 52.2441
0.0149749 0 0.000339876 92.8346 37.6772 52.2441
0.0119119 0 0.000262788 92.8346 37.6772 52.2441
0.00901899 0 0.000226601 92.8346 37.6772 52.2441
0.00442441 0 0.000382688 92.8346 37.6772 52.2441
0 0 0.000643811 92.8346 37.6772 52.2441
0 0 0.000754807 92.6378 37.6772 52.2441
0 0 0.000559514 92.6378 37.6772 52.2441
0 0 0.000343161 92.6378 37.6772 52.2441
0 0 0.000134813 92.6378 37.6772 52.2441
0 0 -5.95614e-05 92.6378 37.874 52.2441
0 0 -0.000214336 92.6378 37.874 52.2441
0 0 -0.000368382 92.6378 37.874 52.2441
0 0 -0.000477647 92.6378 37.874 52.2441
0 0 -0.000538822 92.6378 37.874 52.2441
0 0 -0.00057705 92.6378 37.874 52.4016
0 0 -0.00057119 92.6378 37.874 52.4016
0 0 -0.000523941 92.6378 37.874 52.4016
0 0 -0.000458918 92.6378 37.874 52.4016
0 0 -0.00036039 92.6378 37.874 52.4016
0 0 -0.000242837 92.6378 37.874 52.4016
0 0 -0.000131619 92.7953 37.874 52.4016
0 0 -3.87156e-05 92.7953 37.874 52.4016
0 0 3.35301e-05 92.7953 37.874 52.4016
0 0 8.64376e-05 92.7953 37.874 52.4016
0 0 9.01625e-05 92.7953 37.8346 52.4016
0 0 6.96621e-05 92.7953 37.8346 52.4016
0 0 1.53421e-05 92.7953 37.8346 52.4016
0 0 -6.48693e-05 92.7953 37.8346 52.4016
0 0 -9.57235e-05 92.7953 37.8346 52.4016
0 0 -0.000127956 92.7953 37.8346 52.4016
0 0 -0.000165999 92.7953 37.8346 52.4016
0 0 -0.000163531 92.7953 37.8346 52.4016
0 0 -0.000102745 92.7953 37.8346 52.4016
0 0 -0.000103032 92.7953 37.8346 52.4016
0 0 -0.000102705 92.7953 37.8346 52.4016
0 0 -0.000102445 92.7953 37.8346 52.4016
0 0 -0.000101361 92.7953 37.8346 52.4016
0 0 -0.000100417 92.7953 37.8346 52.4016
0 0 -0.000100804 92.7953 37.8346 52.4016
0 0 -9.77014e-05 92.7953 37.8346 52.4016
0 0 2.14744e-05 92.7953 37.8346 52.4016
0 0 -6.35062e-05 92.7953 37.8346 52.4016
0 0 -8.57412e-05 92.7953 37.8346 52.4016
0 0 -9.3528e-05 92.7953 37.8346 52.4016
0 0 -7.80695e-05 92.7953 37.8346 52.4016
0 0 -6.76426e-05 92.7953 37.8346 52.4016
0 0 -8.74341e-06 92.7953 37.8346 52.4016
0 0 4.87098e-05 92.7953 37.8346 52.4016
0 0 7.90495e-05 92.7953 37.8346 52.4016
0 0 1.12741e-05 92.7953 37.8346 52.4016
0 0 4.02223e-07 92.5984 37.8346 52.4016
0 0 2.15328e-05 92.5984 37.8346 52.4016
0 0 -1.61314e-05 92.5984 37.8346 52.4016
0 0 -2.54963e-05 92.5984 37.8346 52.4016
0 0 -7.77968e-06 92.5984 37.8346 52.4016
0 0 -2.6566e-05 92.5984 37.8346 52.4016
0 0 -5.35017e-05 92.5984 37.8346 52.4016
0 0 -3.43668e-06 92.5984 37.8346 52.4016
0 0 9.07103e-05 92.5984 37.8346 52.4016
0 0 -1.5795e-05 92.5984 37.8346 52.2441
0 0 -1.78816e-06 92.5984 37.8346 52.2441
0 0 9.72159e-05 92.5984 37.8346 52.2441
0 0 -5.54268e-05 92.5984 37.8346 52.2441
0 0 2.41226e-05 92.5984 37.8346 52.2441
0 0 1.15537e-06 92.5984 37.8346 52.2441
0 0 -3.08495e-05 92.6772 37.8346 52.2441
0 0 -7.23556e-05 92.6772 37.8346 52.2441
0 0 -7.30471e-07 92.6772 37.8346 52.2441
0 0 -6.45809e-06 92.6772 37.8346 52.2441
0 0 3.31753e-05 92.6772 37.874 52.2441
0 0 7.31754e-05 92.6772 37.874 52.2441
0 0 -3.8394e-05 92.6772 37.874 52.2441
0 0 1.71046e-05 92.6772 37.874 52.2441
0 0 -3.12636e-05 92.6772 37.874 52.2441
0 0 6.59465e-05 92.6772 37.874 52.2441
0 0 -7.97413e-05 92.6772 37.874 52.2441
0 0 2.2818e-05 92.6772 37.874 52.2441
0 0 9.51916e-06 92.6772 37.874 52.2441
0 0 -3.28541e-05 92.6772 37.874 52.2441
0 0 2.01851e-05 92.6772 37.874 52.2441
0 0 3.20654e-05 92.6378 37.874 52.2441
0 0 4.17016e-06 92.6378 37.874 52.2441
0 0 3.29203e-05 92.6378 37.874 52.2441
0 0 -1.0876e-05 92.6378 37.874 52.2441
0 0 -5.50313e-05 92.6378 37.8346 52.2441
0 0 -5.82209e-05 92.6378 37.8346 52.2441
0 0 5.34434e-05 92.6378 37.8346 52.2441
0 0 0.000122552 92.6378 37.8346 52.2441
0 0 0.000189383 92.6378 37.8346 52.2441
0 0 0.000299932 92.6378 37.8346 52.4016
0 0 0.00036761 92.6378 37.8346 52.4016
0 0.00289288 0.000419128 92.6378 37.8346 52.4016
0 0 0.000395604 92.6378 37.8346 52.4016
0 0 0.00032686 92.6378 37.8346 52.4016
0 0 0.000199768 92.6378 37.8346 52.4016
0 0 1.60273e-05 92.7953 37.8346 52.4016
0 0 -0.000196559 92.7953 37.8346 52.4016
0 0 -0.000253395 92.7953 37.8346 52.4016
0 0 -0.000274098 92.7953 37.8346 52.4016
0 0 -0.000243058 92.7953 37.874 52.4016
0 0.00306305 -0.000175233 92.7953 37.874 52.4016
0 -0.00306305 -0.000126435 92.7953 37.874 52.4016
0 0 -0.000116325 92.7953 37.874 52.4016
0 0 -0.000128503 92.7953 37.874 52.4016
0 0 -0.000141045 92.7953 37.874 52.4016
0 0 -0.000157063 92.7953 37.874 52.4016
0 0 -0.000200731 92.7953 37.874 52.4016
0 0 -0.00018394 92.7953 37.874 52.4016
0 0 -0.000174606 92.7953 37.874 52.4016
0 0 -0.00015982 92.7953 37.874 52.4016
-0.00153153 0 -0.000108215 92.6772 37.874 52.4016
0 0 -5.07485e-05 92.6772 37.874 52.4016
0 0 3.8222e-05 92.6772 37.874 52.4016
0 0 9.59264e-05 92.6772 37.874 52.4016
0 0.00306305 0.000163112 92.6772 37.8346 52.4016
0 -0.00306305 0.000130707 92.6772 37.8346 52.4016
0 0 0.000102757 92.6772 37.8346 52.4016
0 0 7.3433e-05 92.6772 37.8346 52.4016
0 0 8.83727e-05 92.6772 37.8346 52.4016
0 0 8.66807e-05 92.6772 37.8346 52.4016
0 0 3.34819e-05 92.6772 37.8346 52.4016
0 0 -7.26007e-05 92.6772 37.8346 52.4016
0 0 -9.31509e-05 92.6772 37.8346 52.4016
0 0 -9.46907e-05 92.6772 37.8346 52.4016
0 0 -8.52454e-05 92.6772 37.8346 52.4016
0 0 -5.72141e-05 92.6772 37.8346 52.4016
0 0 -7.56308e-05 92.6772 37.8346 52.4016
0 0 2.26042e-05 92.6772 37.8346 52.4016
0 0 5.68632e-05 92.6772 37.8346 52.4016
0 0 8.43339e-05 92.6772 37.8346 52.4016
0 0 5.13353e-05 92.6772 37.8346 52.4016
0 0 5.26759e-07 92.6772 37.8346 52.4016
0 0 -3.88827e-05 92.6772 37.8346 52.4016
0 0 -5.80997e-05 92.6772 37.8346 52.4016
0 0 2.37729e-05 92.6772 37.8346 52.2441
0 0 9.44817e-06 92.6772 37.8346 52.2441
0 0 -5.36521e-06 92.6772 37.8346 52.2441
0 0 4.97973e-05 92.6772 37.8346 52.2441
0 0 -5.42451e-06 92.6772 37.8346 52.2441
0 0 -1.10074e-05 92.6772 37.8346 52.2441
0 0 8.4002e-06 92.6378 37.8346 52.2441
0 0 -9.3527e-06 92.6378 37.8346 52.2441
0 0 1.84018e-06 92.6378 37.8346 52.2441
0 0 -3.10876e-05 92.6378 37.8346 52.2441
0 0 7.02717e-06 92.6378 37.874 52.2441
0 0 -9.03274e-05 92.6378 37.874 52.2441
0 0 -5.59198e-05 92.6378 37.874 52.2441
0 0 -3.8162e-05 92.6378 37.874 52.2441
0 0 5.41092e-05 92.6378 37.874 52.2441
0 0 4.86839e-05 92.6378 37.874 52.2441
0 0 9.28942e-05 92.6378 37.874 52.2441
0 0 4.6083e-05 92.6378 37.874 52.2441
0 0 9.26994e-05 92.6378 37.874 52.2441
0 0.00306305 2.41976e-05 92.6378 37.874 52.2441
0 -0.00306305 -3.45646e-06 92.6378 37.874 52.2441
0 0 -1.75594e-05 92.8346 37.874 52.2441
0 0 -4.34631e-06 92.8346 37.874 52.2441
0 0 3.49359e-05 92.8346 37.874 52.2441
0 0 4.24554e-05 92.8346 37.874 52.2441
0 0 -2.64262e-05 92.8346 37.874 52.2441
0 0 -7.03032e-06 92.8346 37.874 52.2441
0 0 -5.78704e-05 92.8346 37.874 52.2441
0 0 -3.67494e-05 92.8346 37.874 52.2441
0 0 -8.34859e-05 92.8346 37.874 52.2441
0 0 -3.29422e-05 92.8346 37.874 37.9921
0 0 6.78656e-05 92.8346 37.874 37.9921
0 0 0.000116316 92.8346 37.874 37.9921
0 0 8.88882e-05 92.8346 37.874 37.9921
0 0 9.90272e-05 92.8346 37.874 37.9921
0 0 3.95544e-05 92.8346 37.874 37.9921
0 0 -0.000147637 92.6378 37.874 37.9921
0 0 -0.000100876 92.6378 37.874 37.9921
0 0 -9.87611e-05 92.6378 37.874 37.9921
0 0 -2.30441e-05 92.6378 37.874 37.9921
0 0 0.000173978 92.6378 37.6772 37.9921
0 0 0.000158307 92.6378 37.6772 37.9921
0 0.00306305 0.000117029 92.6378 37.6772 37.9921
0 -0.00306305 8.27845e-05 92.6378 37.6772 37.9921
0 0 9.32548e-06 92.6378 37.6772 37.9921
0 0 -9.21376e-05 92.6378 37.6772 37.9921
0 0 -8.58765e-05 92.6378 37.6772 38.1496
0 0 -6.51533e-05 92.6378 37.6772 38.1496
0 0 -1.74994e-06 92.6378 37.6772 38.1496
0 0 2.86165e-05 92.6378 37.6772 38.1496
0 0 4.1842e-05 92.6378 37.6772 38.1496
0 0 8.39731e-05 92.6378 37.6772 38.1496
0 0 1.90705e-05 92.8346 37.6772 38.1496
0 0 -1.05756e-05 92.8346 37.6772 38.1496
0 0 -3.41755e-05 92.8346 37.6772 38.1496
0 0 -9.40057e-05 92.8346 37.6772 38.1496
0 0 -5.98746e-05 92.8346 37.874 38.1496
0 0 -4.56631e-05 92.8346 37.874 38.1496
0 0 -7.36131e-05 92.8346 37.874 38.1496
0 0 -1.68336e-05 92.8346 37.874 38.1496
0 0 2.05705e-05 92.8346 37.874 38.1496
0 0 2.4265e-05 92.8346 37.874 52.2441